{
 "cells": [
  {
   "cell_type": "markdown",
   "id": "8d94c19d-ec6f-40d8-a1a3-2438e66c69c4",
   "metadata": {},
   "source": [
    "## Crime Calculus"
   ]
  },
  {
   "cell_type": "code",
   "execution_count": 1,
   "id": "556331a0-a425-475a-af21-06f0f336bf77",
   "metadata": {},
   "outputs": [
    {
     "name": "stdout",
     "output_type": "stream",
     "text": [
      "Requirement already satisfied: pyspark in c:\\users\\enduser\\appdata\\local\\programs\\python\\python312\\lib\\site-packages (3.5.0)\n",
      "Requirement already satisfied: py4j==0.10.9.7 in c:\\users\\enduser\\appdata\\local\\programs\\python\\python312\\lib\\site-packages (from pyspark) (0.10.9.7)\n",
      "Note: you may need to restart the kernel to use updated packages.\n"
     ]
    }
   ],
   "source": [
    "pip install pyspark"
   ]
  },
  {
   "cell_type": "markdown",
   "id": "3c7cf567-fc08-4bd8-a7be-c4d32ed65e59",
   "metadata": {},
   "source": [
    "## Create Spark Session"
   ]
  },
  {
   "cell_type": "code",
   "execution_count": 2,
   "id": "b1f9c6b9-4d0b-4649-9f23-2e1f0ddcee93",
   "metadata": {},
   "outputs": [],
   "source": [
    "from pyspark.sql import SparkSession\n",
    "from pyspark.sql.functions import col, when"
   ]
  },
  {
   "cell_type": "code",
   "execution_count": null,
   "id": "43163a01",
   "metadata": {},
   "outputs": [],
   "source": [
    "# Record the start time\n",
    "start_time = time.time()"
   ]
  },
  {
   "cell_type": "code",
   "execution_count": 4,
   "id": "c1dbe2c4-3664-4f78-8e34-badccfccab90",
   "metadata": {},
   "outputs": [
    {
     "data": {
      "text/plain": [
       "Row(INCIDENT_KEY=228798151, OCCUR_DATE='05/27/2021', OCCUR_TIME=datetime.datetime(2023, 12, 8, 21, 30), BORO='QUEENS', LOC_OF_OCCUR_DESC=None, PRECINCT=105, JURISDICTION_CODE=0, LOC_CLASSFCTN_DESC=None, LOCATION_DESC=None, STATISTICAL_MURDER_FLAG=False, PERP_AGE_GROUP=None, PERP_SEX=None, PERP_RACE=None, VIC_AGE_GROUP='18-24', VIC_SEX='M', VIC_RACE='BLACK', X_COORD_CD=1058925.0, Y_COORD_CD=180924.0, Latitude=40.662964620000025, Longitude=-73.73083868899994, Lon_Lat='POINT (-73.73083868899994 40.662964620000025)')"
      ]
     },
     "execution_count": 4,
     "metadata": {},
     "output_type": "execute_result"
    }
   ],
   "source": [
    "# Create a SparkSession\n",
    "#spark = spark = SparkSession.builder.appName(\"DataCleaning\").getOrCreate()\n",
    "# Create a SparkSession with appropriate configurations\n",
    "# Create a SparkSession\n",
    "spark = SparkSession.builder.appName(\"ReadFromHadoop\").config(\"spark.hadoop.fs.defaultFS\", \"hdfs://localhost:9000\").config(\"spark.hadoop.rpc.message.max\", \"52428800\").getOrCreate()\n",
    "\n",
    "\n",
    "#HDFS paths for the files\n",
    "hdfs_file_path_crime_data = \"hdfs://192.168.1.239:9001/input/NYPD_Complaint_Data_Historic_20231117.csv\"\n",
    "hdfs_file_path_shooting_data = \"hdfs://192.168.1.239:9001/input/NYPD_Shooting_Incident_Data__Historic__till_2022.csv\"\n",
    "\n",
    "# Read the CSV files from HDFS into PySpark DataFrames\n",
    "df1 = spark.read.csv(hdfs_file_path_crime_data, header=True, inferSchema=True)\n",
    "df2 = spark.read.csv(hdfs_file_path_shooting_data, header=True, inferSchema=True)\n",
    "\n",
    "df1.head()\n",
    "df2.head()"
   ]
  },
  {
   "cell_type": "code",
   "execution_count": null,
   "id": "552c9600",
   "metadata": {},
   "outputs": [],
   "source": [
    "# Test time taken to read data from HDFS for comparison across different partition and block size\n",
    "# Record the end time\n",
    "end_time = time.time()\n",
    "\n",
    "elapsed_time = end_time - start_time\n",
    "\n",
    "print(f\"Execution time: {elapsed_time} seconds\")"
   ]
  },
  {
   "cell_type": "markdown",
   "id": "891bf75b-11f4-4be6-a697-7b84175e3eaf",
   "metadata": {},
   "source": [
    "## Data Cleaning"
   ]
  },
  {
   "cell_type": "code",
   "execution_count": 5,
   "id": "c6f38506-ebde-4891-bb48-081c8034894c",
   "metadata": {},
   "outputs": [
    {
     "name": "stdout",
     "output_type": "stream",
     "text": [
      "+----------+----------+-------------------+-------+-----------------+--------+-----------------+------------------+-------------+-----------------------+--------------+--------+---------+-------------+-------+--------------+------------+-------------+------------------+------------------+--------------------+\n",
      "|CMPLNT_NUM|    RPT_DT|       CMPLNT_FR_TM|BORO_NM|LOC_OF_OCCUR_DESC|PRECINCT|JURISDICTION_CODE|LOC_CLASSFCTN_DESC|LOCATION_DESC|STATISTICAL_MURDER_FLAG|PERP_AGE_GROUP|PERP_SEX|PERP_RACE|VIC_AGE_GROUP|VIC_SEX|      VIC_RACE|  X_COORD_CD|   Y_COORD_CD|          Latitude|         Longitude|             Lon_Lat|\n",
      "+----------+----------+-------------------+-------+-----------------+--------+-----------------+------------------+-------------+-----------------------+--------------+--------+---------+-------------+-------+--------------+------------+-------------+------------------+------------------+--------------------+\n",
      "| 228798151|05/27/2021|2023-12-08 21:30:00| QUEENS|             NULL|     105|                0|              NULL|         NULL|                  false|          NULL|    NULL|     NULL|        18-24|      M|         BLACK|   1058925.0|     180924.0|40.662964620000025|-73.73083868899994|POINT (-73.730838...|\n",
      "| 137471050|06/27/2014|2023-12-08 17:40:00|  BRONX|             NULL|      40|                0|              NULL|         NULL|                  false|          NULL|    NULL|     NULL|        18-24|      M|         BLACK|   1005028.0|     234516.0| 40.81035186300005|-73.92494232599995|POINT (-73.924942...|\n",
      "| 147998800|11/21/2015|2023-12-08 03:56:00| QUEENS|             NULL|     108|                0|              NULL|         NULL|                   true|          NULL|    NULL|     NULL|        25-44|      M|         WHITE|1007667.9375| 209836.53125| 40.74260663300004|-73.91549174199997|POINT (-73.915491...|\n",
      "| 146837977|10/09/2015|2023-12-08 18:30:00|  BRONX|             NULL|      44|                0|              NULL|         NULL|                  false|          NULL|    NULL|     NULL|          <18|      M|WHITE HISPANIC| 1006537.375|244511.140625| 40.83778200300003|-73.91945661499994|POINT (-73.919456...|\n",
      "|  58921844|02/19/2009|2023-12-08 22:58:00|  BRONX|             NULL|      47|                0|              NULL|         NULL|                   true|         25-44|       M|    BLACK|        45-64|      M|         BLACK|1024921.8125| 262189.40625| 40.88623791800006|-73.85290950899997|POINT (-73.852909...|\n",
      "+----------+----------+-------------------+-------+-----------------+--------+-----------------+------------------+-------------+-----------------------+--------------+--------+---------+-------------+-------+--------------+------------+-------------+------------------+------------------+--------------------+\n",
      "only showing top 5 rows\n",
      "\n"
     ]
    }
   ],
   "source": [
    "# Rename the names of the columns in df2 so that we can merge it with df1\n",
    "df2 = df2.withColumnRenamed(\"OCCUR_DATE\", \"RPT_DT\") \\\n",
    ".withColumnRenamed(\"OCCUR_TIME\", \"CMPLNT_FR_TM\") \\\n",
    ".withColumnRenamed(\"BORO\", \"BORO_NM\") \\\n",
    ".withColumnRenamed(\"INCIDENT_KEY\", \"CMPLNT_NUM\") \\\n",
    "\n",
    "# Show the DataFrame to verify the changes\n",
    "df2.show(5)"
   ]
  },
  {
   "cell_type": "code",
   "execution_count": 6,
   "id": "618c148a-8ccd-44a2-81f4-9f333449f268",
   "metadata": {},
   "outputs": [
    {
     "name": "stdout",
     "output_type": "stream",
     "text": [
      "+----------+----------+-------------------+---------+-------------+-------+------------+-------------+------------------+------------------+\n",
      "|CMPLNT_NUM|    RPT_DT|       CMPLNT_FR_TM|  BORO_NM|VIC_AGE_GROUP|VIC_SEX|  X_COORD_CD|   Y_COORD_CD|          Latitude|         Longitude|\n",
      "+----------+----------+-------------------+---------+-------------+-------+------------+-------------+------------------+------------------+\n",
      "| 228798151|05/27/2021|2023-12-08 21:30:00|   QUEENS|        18-24|      M|   1058925.0|     180924.0|40.662964620000025|-73.73083868899994|\n",
      "| 137471050|06/27/2014|2023-12-08 17:40:00|    BRONX|        18-24|      M|   1005028.0|     234516.0| 40.81035186300005|-73.92494232599995|\n",
      "| 147998800|11/21/2015|2023-12-08 03:56:00|   QUEENS|        25-44|      M|1007667.9375| 209836.53125| 40.74260663300004|-73.91549174199997|\n",
      "| 146837977|10/09/2015|2023-12-08 18:30:00|    BRONX|          <18|      M| 1006537.375|244511.140625| 40.83778200300003|-73.91945661499994|\n",
      "|  58921844|02/19/2009|2023-12-08 22:58:00|    BRONX|        45-64|      M|1024921.8125| 262189.40625| 40.88623791800006|-73.85290950899997|\n",
      "| 219559682|10/21/2020|2023-12-08 21:36:00| BROOKLYN|        25-44|      M|1004234.3125|186461.703125|40.678456718000064|-73.92795224099996|\n",
      "|  85295722|06/17/2012|2023-12-08 22:47:00|   QUEENS|        25-44|      M|    998860.0|     214885.0| 40.75648234300007|-73.94726649399996|\n",
      "|  71662474|03/08/2010|2023-12-08 19:41:00| BROOKLYN|        18-24|      M| 1002882.875|192219.703125|40.694264056000065|-73.93280863699994|\n",
      "|  83002139|02/05/2012|2023-12-08 05:45:00|   QUEENS|        25-44|      M| 1054366.375| 196628.40625|40.706106731000034|-73.74710653899996|\n",
      "|  86437261|08/26/2012|2023-12-08 01:10:00|   QUEENS|        25-44|      M| 1053936.625|157130.421875| 40.59769719800005|-73.74906464199995|\n",
      "|  74998200|10/10/2010|2023-12-08 03:21:00|MANHATTAN|        25-44|      M|  999061.375|229911.671875| 40.79772626500005|-73.94650650799997|\n",
      "|  74363835|08/29/2010|2023-12-08 01:27:00| BROOKLYN|        25-44|      M|   1013136.0|     179968.0| 40.66060839100004|-73.89588694299994|\n",
      "| 234756217|10/09/2021|2023-12-08 20:17:00| BROOKLYN|        25-44|      M|    996148.0|     181562.0| 40.66502269100005|-73.95711436799998|\n",
      "|  78961869|05/25/2011|2023-12-08 21:58:00|    BRONX|        18-24|      M|1010353.4375| 261534.28125|40.884494922000044|-73.90559937499995|\n",
      "|  53891791|11/09/2008|2023-12-08 20:13:00| BROOKLYN|        25-44|      M| 988398.4375|   187950.625|40.682565055000055|-73.98504421199993|\n",
      "|  32914993|07/05/2007|2023-12-08 01:27:00|    BRONX|        18-24|      M|   1026013.0|   261421.125| 40.88412413300006|-73.84896796399994|\n",
      "|  73879554|07/27/2010|2023-12-08 02:22:00|MANHATTAN|        25-44|      M| 999967.4375|  240325.5625| 40.82630793100003|-73.94320965699995|\n",
      "|  87694905|11/14/2012|2023-12-08 21:07:00| BROOKLYN|        25-44|      M|  1005555.75|  186370.9375|40.678204504000064|-73.92318836699997|\n",
      "| 230311079|07/01/2021|2023-12-08 02:44:00| BROOKLYN|        25-44|      M|   1009826.0|     183194.0| 40.66947322100003|-73.90780500799997|\n",
      "| 225297069|03/07/2021|2023-12-08 21:17:00| BROOKLYN|        25-44|      M|    995792.0|     178767.0| 40.65735150300002|-73.95840237599998|\n",
      "+----------+----------+-------------------+---------+-------------+-------+------------+-------------+------------------+------------------+\n",
      "only showing top 20 rows\n",
      "\n"
     ]
    }
   ],
   "source": [
    "# Drop the columns that are not relevant to the analysis(feature selection)\n",
    "df2 = df2.drop('LOC_OF_OCCUR_DESC','PRECINCT','JURISDICTION_CODE','LOC_CLASSFCTN_DESC','LOCATION_DESC','STATISTICAL_MURDER_FLAG','PERP_AGE_GROUP','PERP_SEX','PERP_RACE','Lon_Lat','VIC_RACE')\n",
    "df2.show()"
   ]
  },
  {
   "cell_type": "code",
   "execution_count": 7,
   "id": "f439b96a-fc0c-4052-9475-171f55affea0",
   "metadata": {},
   "outputs": [
    {
     "name": "stdout",
     "output_type": "stream",
     "text": [
      "Common columns in both DataFrames:\n",
      "{'Y_COORD_CD', 'CMPLNT_FR_TM', 'X_COORD_CD', 'BORO_NM', 'VIC_SEX', 'RPT_DT', 'CMPLNT_NUM', 'VIC_AGE_GROUP', 'Latitude', 'Longitude'}\n"
     ]
    }
   ],
   "source": [
    "# Find common columns between both dataframes\n",
    "\n",
    "# Get column names for each DataFrame\n",
    "columns_df1 = set(df1.columns)\n",
    "columns_df2 = set(df2.columns)\n",
    "\n",
    "# Find common columns between both DataFrames as all columns need to be the same to merge them\n",
    "common_columns = columns_df1.intersection(columns_df2)\n",
    "\n",
    "# Display common columns\n",
    "print(\"Common columns in both DataFrames:\")\n",
    "print(common_columns)"
   ]
  },
  {
   "cell_type": "code",
   "execution_count": 8,
   "id": "33736bd2-ed4a-4878-b239-1dbcc20b3f01",
   "metadata": {},
   "outputs": [
    {
     "name": "stdout",
     "output_type": "stream",
     "text": [
      "+----------+----------+-------------------+---------+-------------+-------+------------+-------------+------------------+------------------+---------+\n",
      "|CMPLNT_NUM|    RPT_DT|       CMPLNT_FR_TM|  BORO_NM|VIC_AGE_GROUP|VIC_SEX|  X_COORD_CD|   Y_COORD_CD|          Latitude|         Longitude|OFNS_DESC|\n",
      "+----------+----------+-------------------+---------+-------------+-------+------------+-------------+------------------+------------------+---------+\n",
      "| 228798151|05/27/2021|2023-12-08 21:30:00|   QUEENS|        18-24|      M|   1058925.0|     180924.0|40.662964620000025|-73.73083868899994| SHOOTING|\n",
      "| 137471050|06/27/2014|2023-12-08 17:40:00|    BRONX|        18-24|      M|   1005028.0|     234516.0| 40.81035186300005|-73.92494232599995| SHOOTING|\n",
      "| 147998800|11/21/2015|2023-12-08 03:56:00|   QUEENS|        25-44|      M|1007667.9375| 209836.53125| 40.74260663300004|-73.91549174199997| SHOOTING|\n",
      "| 146837977|10/09/2015|2023-12-08 18:30:00|    BRONX|          <18|      M| 1006537.375|244511.140625| 40.83778200300003|-73.91945661499994| SHOOTING|\n",
      "|  58921844|02/19/2009|2023-12-08 22:58:00|    BRONX|        45-64|      M|1024921.8125| 262189.40625| 40.88623791800006|-73.85290950899997| SHOOTING|\n",
      "| 219559682|10/21/2020|2023-12-08 21:36:00| BROOKLYN|        25-44|      M|1004234.3125|186461.703125|40.678456718000064|-73.92795224099996| SHOOTING|\n",
      "|  85295722|06/17/2012|2023-12-08 22:47:00|   QUEENS|        25-44|      M|    998860.0|     214885.0| 40.75648234300007|-73.94726649399996| SHOOTING|\n",
      "|  71662474|03/08/2010|2023-12-08 19:41:00| BROOKLYN|        18-24|      M| 1002882.875|192219.703125|40.694264056000065|-73.93280863699994| SHOOTING|\n",
      "|  83002139|02/05/2012|2023-12-08 05:45:00|   QUEENS|        25-44|      M| 1054366.375| 196628.40625|40.706106731000034|-73.74710653899996| SHOOTING|\n",
      "|  86437261|08/26/2012|2023-12-08 01:10:00|   QUEENS|        25-44|      M| 1053936.625|157130.421875| 40.59769719800005|-73.74906464199995| SHOOTING|\n",
      "|  74998200|10/10/2010|2023-12-08 03:21:00|MANHATTAN|        25-44|      M|  999061.375|229911.671875| 40.79772626500005|-73.94650650799997| SHOOTING|\n",
      "|  74363835|08/29/2010|2023-12-08 01:27:00| BROOKLYN|        25-44|      M|   1013136.0|     179968.0| 40.66060839100004|-73.89588694299994| SHOOTING|\n",
      "| 234756217|10/09/2021|2023-12-08 20:17:00| BROOKLYN|        25-44|      M|    996148.0|     181562.0| 40.66502269100005|-73.95711436799998| SHOOTING|\n",
      "|  78961869|05/25/2011|2023-12-08 21:58:00|    BRONX|        18-24|      M|1010353.4375| 261534.28125|40.884494922000044|-73.90559937499995| SHOOTING|\n",
      "|  53891791|11/09/2008|2023-12-08 20:13:00| BROOKLYN|        25-44|      M| 988398.4375|   187950.625|40.682565055000055|-73.98504421199993| SHOOTING|\n",
      "|  32914993|07/05/2007|2023-12-08 01:27:00|    BRONX|        18-24|      M|   1026013.0|   261421.125| 40.88412413300006|-73.84896796399994| SHOOTING|\n",
      "|  73879554|07/27/2010|2023-12-08 02:22:00|MANHATTAN|        25-44|      M| 999967.4375|  240325.5625| 40.82630793100003|-73.94320965699995| SHOOTING|\n",
      "|  87694905|11/14/2012|2023-12-08 21:07:00| BROOKLYN|        25-44|      M|  1005555.75|  186370.9375|40.678204504000064|-73.92318836699997| SHOOTING|\n",
      "| 230311079|07/01/2021|2023-12-08 02:44:00| BROOKLYN|        25-44|      M|   1009826.0|     183194.0| 40.66947322100003|-73.90780500799997| SHOOTING|\n",
      "| 225297069|03/07/2021|2023-12-08 21:17:00| BROOKLYN|        25-44|      M|    995792.0|     178767.0| 40.65735150300002|-73.95840237599998| SHOOTING|\n",
      "+----------+----------+-------------------+---------+-------------+-------+------------+-------------+------------------+------------------+---------+\n",
      "only showing top 20 rows\n",
      "\n"
     ]
    }
   ],
   "source": [
    "# Importing the 'lit' function from the 'pyspark.sql.functions' module.\n",
    "# 'lit' is used to create a literal column expression with a constant value, which can be added to Spark DataFrame.\n",
    "from pyspark.sql.functions import lit\n",
    "\n",
    "# Introduce a static column 'OFNS_DESC' in df2 with a constant value 'SHOOTING'.\n",
    "# This column signifies the type of crime in df1 and is not present in df2. \n",
    "# By adding this column with the value 'SHOOTING', we facilitate the identification of shooting crimes in the merged dataset.\n",
    "df2 = df2.withColumn('OFNS_DESC', lit('SHOOTING'))\n",
    "\n",
    "# Show the resulting DataFrame\n",
    "df2.show()"
   ]
  },
  {
   "cell_type": "code",
   "execution_count": 9,
   "id": "fe2695cd-9d25-4b82-9f1b-10a2be06203c",
   "metadata": {},
   "outputs": [
    {
     "name": "stdout",
     "output_type": "stream",
     "text": [
      "root\n",
      " |-- CMPLNT_NUM: string (nullable = true)\n",
      " |-- CMPLNT_FR_TM: timestamp (nullable = true)\n",
      " |-- RPT_DT: string (nullable = true)\n",
      " |-- OFNS_DESC: string (nullable = true)\n",
      " |-- BORO_NM: string (nullable = true)\n",
      " |-- X_COORD_CD: integer (nullable = true)\n",
      " |-- Y_COORD_CD: integer (nullable = true)\n",
      " |-- Latitude: double (nullable = true)\n",
      " |-- Longitude: double (nullable = true)\n",
      " |-- VIC_AGE_GROUP: string (nullable = true)\n",
      " |-- VIC_SEX: string (nullable = true)\n",
      "\n",
      "+----------+-------------------+----------+--------------------+-------------+----------+----------+----------------+-----------------+-------------+-------+\n",
      "|CMPLNT_NUM|       CMPLNT_FR_TM|    RPT_DT|           OFNS_DESC|      BORO_NM|X_COORD_CD|Y_COORD_CD|        Latitude|        Longitude|VIC_AGE_GROUP|VIC_SEX|\n",
      "+----------+-------------------+----------+--------------------+-------------+----------+----------+----------------+-----------------+-------------+-------+\n",
      "|  10361314|1970-01-01 16:35:00|02/11/2006|ASSAULT 3 & RELAT...|     BROOKLYN|    999496|    190300|  40.68900139556|-73.9450265328727|        45-64|      F|\n",
      "|  10363948|1970-01-01 17:15:00|02/11/2006|       HARRASSMENT 2|     BROOKLYN|   1007052|    193757|40.6984738177025| -73.917768981221|        18-24|      F|\n",
      "|  16719307|1970-01-01 00:01:00|06/08/2006|                RAPE|        BRONX|   1017478|    256069|40.8694704770483|-73.8798608037303|          <18|      F|\n",
      "|  16939015|1970-01-01 19:00:00|06/29/2006|                RAPE|        BRONX|   1006490|    244533|40.8378421209284|-73.9196277517392|          <18|      F|\n",
      "|  34631321|1970-01-01 05:00:00|09/19/2007|                RAPE|        BRONX|   1005028|    234516|40.8103518634571| -73.924942325642|          <18|      F|\n",
      "|  45954344|1970-01-01 17:45:00|04/24/2008|       GRAND LARCENY|        BRONX|   1017478|    256069|40.8694704770483|-73.8798608037303|        18-24|      F|\n",
      "|  61229622|1970-01-01 05:00:00|04/27/2009|                RAPE|        BRONX|   1011751|    246839|40.8441566000203|-73.9006054489734|        25-44|      F|\n",
      "|  76569662|1970-01-01 06:30:00|12/21/2010|          SEX CRIMES|        BRONX|   1013037|    236657|40.8162058439227|-73.8960011932583|        25-44|      F|\n",
      "|  71409557|1970-01-01 19:30:00|02/18/2010|ASSAULT 3 & RELAT...|    MANHATTAN|    999433|    236538|  40.81591307653|-73.9451493066481|          65+|      F|\n",
      "|  71601562|1970-01-01 02:40:00|03/02/2010|       HARRASSMENT 2|    MANHATTAN|    985764|    213806|40.7535327012632|-73.9945368920152|        18-24|      F|\n",
      "|  71315200|1970-01-01 21:15:00|02/14/2010|       HARRASSMENT 2|        BRONX|   1026480|    262584|40.8873136344706|-73.8472717577564|        45-64|      M|\n",
      "|  75549435|1970-01-01 16:00:00|11/12/2010|             ROBBERY|        BRONX|   1026480|    262584|40.8873136344706|-73.8472717577564|          <18|      M|\n",
      "|  76841740|1970-01-01 09:00:00|01/14/2011|                RAPE|     BROOKLYN|    997843|    175671|40.6488507469884| -73.951016510623|          <18|      F|\n",
      "|  77796839|1970-01-01 17:00:00|03/15/2011|ASSAULT 3 & RELAT...|        BRONX|   1017478|    256069|40.8694704770483|-73.8798608037303|        25-44|      M|\n",
      "|  78700361|1970-01-01 22:00:00|05/10/2011|                RAPE|        BRONX|   1026480|    262584|40.8873136344706|-73.8472717577564|        25-44|      F|\n",
      "|  79646988|1970-01-01 17:08:00|07/04/2011|               ARSON|STATEN ISLAND|    954827|    148519|40.5742856881925|-74.1059144051212|        25-44|      F|\n",
      "|  80459404|1970-01-01 09:30:00|08/23/2011|                RAPE|        BRONX|   1026480|    262584|40.8873136344706|-73.8472717577564|          <18|      F|\n",
      "|  84212362|1970-01-01 15:50:00|04/13/2012|            BURGLARY|        BRONX|   1026480|    262584|40.8873136344706|-73.8472717577564|        25-44|      F|\n",
      "|  85981430|1970-01-01 15:00:00|07/28/2012|ASSAULT 3 & RELAT...|        BRONX|   1013037|    236657|40.8162058439227|-73.8960011932583|        18-24|      F|\n",
      "|  89343120|1970-01-01 02:00:00|02/25/2013|                RAPE|        BRONX|   1011755|    250279|40.8535983673823|-73.9005768807295|          <18|      F|\n",
      "+----------+-------------------+----------+--------------------+-------------+----------+----------+----------------+-----------------+-------------+-------+\n",
      "only showing top 20 rows\n",
      "\n"
     ]
    }
   ],
   "source": [
    "# Cleaning DF1\n",
    "\n",
    "from pyspark.sql.functions import to_timestamp\n",
    "\n",
    "columns_to_drop_na = ['Y_COORD_CD', 'X_COORD_CD', 'Latitude', 'Longitude', 'CMPLNT_FR_TM','Lat_Lon', 'CMPLNT_FR_DT', 'BORO_NM', 'OFNS_DESC']\n",
    "for column in columns_to_drop_na:\n",
    "    df1 = df1.filter(col(column).isNotNull())\n",
    "\n",
    "# Dropping columns that are not significant for future data exploration\n",
    "columns_to_drop = ['PARKS_NM','STATION_NAME','TRANSIT_DISTRICT','HADEVELOPT','HOUSING_PSA','VIC_RACE', 'LOC_OF_OCCUR_DESC', 'Lat_Lon',\n",
    "                  'PREM_TYP_DESC','SUSP_AGE_GROUP','SUSP_SEX','SUSP_RACE','JURISDICTION_CODE', 'ADDR_PCT_CD',\n",
    "                   'PD_CD','PD_DESC','PATROL_BORO','CMPLNT_TO_DT','CMPLNT_TO_TM','KY_CD','LAW_CAT_CD','CMPLNT_FR_DT','JURIS_DESC','CRM_ATPT_CPTD_CD']\n",
    "\n",
    "df1 = df1.drop(*columns_to_drop)\n",
    "\n",
    "# Replacing NaN values in specific columns with 'UNKNOWN'\n",
    "columns_to_fill = ['VIC_AGE_GROUP', 'VIC_SEX']\n",
    "for column in columns_to_fill:\n",
    "    df1 = df1.withColumn(column, when(col(column).isNull(), 'UNKNOWN').otherwise(col(column)))\n",
    "\n",
    "# Remove rows in the dataset where values are either null or the string \"(null)\".\n",
    "specified_value = '(null)'\n",
    "# Filter the DataFrame to exclude rows with the specified value\n",
    "df1 = df1.filter(df1['BORO_NM'] != specified_value)\n",
    "df1 = df1.filter(df1['CMPLNT_FR_TM'] != specified_value)\n",
    "df1 = df1.filter(df1['VIC_AGE_GROUP'] != specified_value)\n",
    "df1 = df1.filter(df1['OFNS_DESC'] != specified_value)\n",
    "\n",
    "\n",
    "# Convert Complaint_Time Column from String to timestamp format\n",
    "df1 = df1.withColumn('CMPLNT_FR_TM', to_timestamp('CMPLNT_FR_TM', 'HH:mm:ss'))\n",
    "\n",
    "# Examining the changes\n",
    "df1.printSchema()\n",
    "df1.show()"
   ]
  },
  {
   "cell_type": "code",
   "execution_count": 10,
   "id": "55a8ca6f-dafc-478e-922d-9f92a4f2029e",
   "metadata": {},
   "outputs": [
    {
     "name": "stdout",
     "output_type": "stream",
     "text": [
      "+----------+-------------------+----------+---------+---------+------------+-------------+------------------+------------------+-------------+-------+\n",
      "|CMPLNT_NUM|       CMPLNT_FR_TM|    RPT_DT|OFNS_DESC|  BORO_NM|  X_COORD_CD|   Y_COORD_CD|          Latitude|         Longitude|VIC_AGE_GROUP|VIC_SEX|\n",
      "+----------+-------------------+----------+---------+---------+------------+-------------+------------------+------------------+-------------+-------+\n",
      "| 228798151|2023-12-08 21:30:00|05/27/2021| SHOOTING|   QUEENS|   1058925.0|     180924.0|40.662964620000025|-73.73083868899994|        18-24|      M|\n",
      "| 137471050|2023-12-08 17:40:00|06/27/2014| SHOOTING|    BRONX|   1005028.0|     234516.0| 40.81035186300005|-73.92494232599995|        18-24|      M|\n",
      "| 147998800|2023-12-08 03:56:00|11/21/2015| SHOOTING|   QUEENS|1007667.9375| 209836.53125| 40.74260663300004|-73.91549174199997|        25-44|      M|\n",
      "| 146837977|2023-12-08 18:30:00|10/09/2015| SHOOTING|    BRONX| 1006537.375|244511.140625| 40.83778200300003|-73.91945661499994|          <18|      M|\n",
      "|  58921844|2023-12-08 22:58:00|02/19/2009| SHOOTING|    BRONX|1024921.8125| 262189.40625| 40.88623791800006|-73.85290950899997|        45-64|      M|\n",
      "| 219559682|2023-12-08 21:36:00|10/21/2020| SHOOTING| BROOKLYN|1004234.3125|186461.703125|40.678456718000064|-73.92795224099996|        25-44|      M|\n",
      "|  85295722|2023-12-08 22:47:00|06/17/2012| SHOOTING|   QUEENS|    998860.0|     214885.0| 40.75648234300007|-73.94726649399996|        25-44|      M|\n",
      "|  71662474|2023-12-08 19:41:00|03/08/2010| SHOOTING| BROOKLYN| 1002882.875|192219.703125|40.694264056000065|-73.93280863699994|        18-24|      M|\n",
      "|  83002139|2023-12-08 05:45:00|02/05/2012| SHOOTING|   QUEENS| 1054366.375| 196628.40625|40.706106731000034|-73.74710653899996|        25-44|      M|\n",
      "|  86437261|2023-12-08 01:10:00|08/26/2012| SHOOTING|   QUEENS| 1053936.625|157130.421875| 40.59769719800005|-73.74906464199995|        25-44|      M|\n",
      "|  74998200|2023-12-08 03:21:00|10/10/2010| SHOOTING|MANHATTAN|  999061.375|229911.671875| 40.79772626500005|-73.94650650799997|        25-44|      M|\n",
      "|  74363835|2023-12-08 01:27:00|08/29/2010| SHOOTING| BROOKLYN|   1013136.0|     179968.0| 40.66060839100004|-73.89588694299994|        25-44|      M|\n",
      "| 234756217|2023-12-08 20:17:00|10/09/2021| SHOOTING| BROOKLYN|    996148.0|     181562.0| 40.66502269100005|-73.95711436799998|        25-44|      M|\n",
      "|  78961869|2023-12-08 21:58:00|05/25/2011| SHOOTING|    BRONX|1010353.4375| 261534.28125|40.884494922000044|-73.90559937499995|        18-24|      M|\n",
      "|  53891791|2023-12-08 20:13:00|11/09/2008| SHOOTING| BROOKLYN| 988398.4375|   187950.625|40.682565055000055|-73.98504421199993|        25-44|      M|\n",
      "|  32914993|2023-12-08 01:27:00|07/05/2007| SHOOTING|    BRONX|   1026013.0|   261421.125| 40.88412413300006|-73.84896796399994|        18-24|      M|\n",
      "|  73879554|2023-12-08 02:22:00|07/27/2010| SHOOTING|MANHATTAN| 999967.4375|  240325.5625| 40.82630793100003|-73.94320965699995|        25-44|      M|\n",
      "|  87694905|2023-12-08 21:07:00|11/14/2012| SHOOTING| BROOKLYN|  1005555.75|  186370.9375|40.678204504000064|-73.92318836699997|        25-44|      M|\n",
      "| 230311079|2023-12-08 02:44:00|07/01/2021| SHOOTING| BROOKLYN|   1009826.0|     183194.0| 40.66947322100003|-73.90780500799997|        25-44|      M|\n",
      "| 225297069|2023-12-08 21:17:00|03/07/2021| SHOOTING| BROOKLYN|    995792.0|     178767.0| 40.65735150300002|-73.95840237599998|        25-44|      M|\n",
      "+----------+-------------------+----------+---------+---------+------------+-------------+------------------+------------------+-------------+-------+\n",
      "only showing top 20 rows\n",
      "\n"
     ]
    }
   ],
   "source": [
    "# DF2 data cleaning\n",
    "\n",
    "from pyspark.sql.functions import date_format\n",
    "\n",
    "# Remove null values from DF2\n",
    "columns_to_drop_na = ['Y_COORD_CD', 'X_COORD_CD', 'Latitude', 'Longitude', 'CMPLNT_FR_TM','VIC_AGE_GROUP', 'RPT_DT', 'BORO_NM', 'OFNS_DESC', 'VIC_SEX']\n",
    "for column in columns_to_drop_na:\n",
    "    df1 = df1.filter(col(column).isNotNull())\n",
    "\n",
    "# Rearrange the columns in df2 to align with the order in df1. \n",
    "# This step is crucial for a proper merging of these dataframes.\n",
    "columns_df1 = df1.columns\n",
    "df2 = df2.select(columns_df1)\n",
    "df2.show()"
   ]
  },
  {
   "cell_type": "code",
   "execution_count": 11,
   "id": "b3888496-40a7-4ed6-be4b-0815cf1cb29c",
   "metadata": {},
   "outputs": [
    {
     "name": "stdout",
     "output_type": "stream",
     "text": [
      "Common columns in both DataFrames:\n",
      "{'Y_COORD_CD', 'CMPLNT_FR_TM', 'X_COORD_CD', 'BORO_NM', 'VIC_SEX', 'RPT_DT', 'OFNS_DESC', 'CMPLNT_NUM', 'Longitude', 'Latitude', 'VIC_AGE_GROUP'}\n"
     ]
    }
   ],
   "source": [
    "# Check if the 'OFNS_DESC' column is present in both dataframes, confirming its addition to DF2.\n",
    "# Additionally, ensure that no essential columns were inadvertently dropped during the data cleaning process.\n",
    "\n",
    "# Get column names for each DataFrame\n",
    "columns_df1 = set(df1.columns)\n",
    "columns_df2 = set(df2.columns)\n",
    "\n",
    "# Find common columns between both DataFrames\n",
    "common_columns = columns_df1.intersection(columns_df2)\n",
    "\n",
    "# Display common columns\n",
    "print(\"Common columns in both DataFrames:\")\n",
    "print(common_columns)"
   ]
  },
  {
   "cell_type": "markdown",
   "id": "6c2a839b-4703-4ce0-b8f0-1d1b7f618dfc",
   "metadata": {},
   "source": [
    "## Dataset Merging"
   ]
  },
  {
   "cell_type": "code",
   "execution_count": 12,
   "id": "0a914805-febf-4afa-b3ff-12c3ab87dd04",
   "metadata": {},
   "outputs": [
    {
     "name": "stdout",
     "output_type": "stream",
     "text": [
      "+----------+-------------------+----------+--------------------+-------------+----------+----------+----------------+-----------------+-------------+-------+\n",
      "|CMPLNT_NUM|       CMPLNT_FR_TM|    RPT_DT|           OFNS_DESC|      BORO_NM|X_COORD_CD|Y_COORD_CD|        Latitude|        Longitude|VIC_AGE_GROUP|VIC_SEX|\n",
      "+----------+-------------------+----------+--------------------+-------------+----------+----------+----------------+-----------------+-------------+-------+\n",
      "|  10361314|1970-01-01 16:35:00|02/11/2006|ASSAULT 3 & RELAT...|     BROOKLYN|  999496.0|  190300.0|  40.68900139556|-73.9450265328727|        45-64|      F|\n",
      "|  10363948|1970-01-01 17:15:00|02/11/2006|       HARRASSMENT 2|     BROOKLYN| 1007052.0|  193757.0|40.6984738177025| -73.917768981221|        18-24|      F|\n",
      "|  16719307|1970-01-01 00:01:00|06/08/2006|                RAPE|        BRONX| 1017478.0|  256069.0|40.8694704770483|-73.8798608037303|          <18|      F|\n",
      "|  16939015|1970-01-01 19:00:00|06/29/2006|                RAPE|        BRONX| 1006490.0|  244533.0|40.8378421209284|-73.9196277517392|          <18|      F|\n",
      "|  34631321|1970-01-01 05:00:00|09/19/2007|                RAPE|        BRONX| 1005028.0|  234516.0|40.8103518634571| -73.924942325642|          <18|      F|\n",
      "|  45954344|1970-01-01 17:45:00|04/24/2008|       GRAND LARCENY|        BRONX| 1017478.0|  256069.0|40.8694704770483|-73.8798608037303|        18-24|      F|\n",
      "|  61229622|1970-01-01 05:00:00|04/27/2009|                RAPE|        BRONX| 1011751.0|  246839.0|40.8441566000203|-73.9006054489734|        25-44|      F|\n",
      "|  76569662|1970-01-01 06:30:00|12/21/2010|          SEX CRIMES|        BRONX| 1013037.0|  236657.0|40.8162058439227|-73.8960011932583|        25-44|      F|\n",
      "|  71409557|1970-01-01 19:30:00|02/18/2010|ASSAULT 3 & RELAT...|    MANHATTAN|  999433.0|  236538.0|  40.81591307653|-73.9451493066481|          65+|      F|\n",
      "|  71601562|1970-01-01 02:40:00|03/02/2010|       HARRASSMENT 2|    MANHATTAN|  985764.0|  213806.0|40.7535327012632|-73.9945368920152|        18-24|      F|\n",
      "|  71315200|1970-01-01 21:15:00|02/14/2010|       HARRASSMENT 2|        BRONX| 1026480.0|  262584.0|40.8873136344706|-73.8472717577564|        45-64|      M|\n",
      "|  75549435|1970-01-01 16:00:00|11/12/2010|             ROBBERY|        BRONX| 1026480.0|  262584.0|40.8873136344706|-73.8472717577564|          <18|      M|\n",
      "|  76841740|1970-01-01 09:00:00|01/14/2011|                RAPE|     BROOKLYN|  997843.0|  175671.0|40.6488507469884| -73.951016510623|          <18|      F|\n",
      "|  77796839|1970-01-01 17:00:00|03/15/2011|ASSAULT 3 & RELAT...|        BRONX| 1017478.0|  256069.0|40.8694704770483|-73.8798608037303|        25-44|      M|\n",
      "|  78700361|1970-01-01 22:00:00|05/10/2011|                RAPE|        BRONX| 1026480.0|  262584.0|40.8873136344706|-73.8472717577564|        25-44|      F|\n",
      "|  79646988|1970-01-01 17:08:00|07/04/2011|               ARSON|STATEN ISLAND|  954827.0|  148519.0|40.5742856881925|-74.1059144051212|        25-44|      F|\n",
      "|  80459404|1970-01-01 09:30:00|08/23/2011|                RAPE|        BRONX| 1026480.0|  262584.0|40.8873136344706|-73.8472717577564|          <18|      F|\n",
      "|  84212362|1970-01-01 15:50:00|04/13/2012|            BURGLARY|        BRONX| 1026480.0|  262584.0|40.8873136344706|-73.8472717577564|        25-44|      F|\n",
      "|  85981430|1970-01-01 15:00:00|07/28/2012|ASSAULT 3 & RELAT...|        BRONX| 1013037.0|  236657.0|40.8162058439227|-73.8960011932583|        18-24|      F|\n",
      "|  89343120|1970-01-01 02:00:00|02/25/2013|                RAPE|        BRONX| 1011755.0|  250279.0|40.8535983673823|-73.9005768807295|          <18|      F|\n",
      "+----------+-------------------+----------+--------------------+-------------+----------+----------+----------------+-----------------+-------------+-------+\n",
      "only showing top 20 rows\n",
      "\n"
     ]
    }
   ],
   "source": [
    "# Merging both dataframes\n",
    "df = df1.union(df2);\n",
    "\n",
    "df.show()"
   ]
  },
  {
   "cell_type": "markdown",
   "id": "5dc73ffb-eb7b-44bc-ab66-3c33ce7b0245",
   "metadata": {},
   "source": [
    "## Cleaning combined dataset"
   ]
  },
  {
   "cell_type": "code",
   "execution_count": 13,
   "id": "4a51e276-a17a-48e7-a97a-b577c034ce07",
   "metadata": {},
   "outputs": [
    {
     "name": "stdout",
     "output_type": "stream",
     "text": [
      "Number of duplicate rows: 3756\n"
     ]
    }
   ],
   "source": [
    "# Check number of duplicate rows\n",
    "\n",
    "# Total number of rows in the DataFrame\n",
    "total_rows = df.count()\n",
    "\n",
    "# Count the number of unique rows\n",
    "unique_rows = df.distinct().count()\n",
    "\n",
    "duplicate_rows = total_rows - unique_rows\n",
    "\n",
    "print(f\"Number of duplicate rows: {duplicate_rows}\")"
   ]
  },
  {
   "cell_type": "code",
   "execution_count": 14,
   "id": "148d53ab-f5d2-4017-a3ad-d13b14713fb6",
   "metadata": {},
   "outputs": [],
   "source": [
    "# Remove duplicate rows\n",
    "df = df.distinct()"
   ]
  },
  {
   "cell_type": "code",
   "execution_count": 15,
   "id": "ef0c6d2d-10a5-4c18-814a-a6dccf150ce3",
   "metadata": {},
   "outputs": [
    {
     "name": "stdout",
     "output_type": "stream",
     "text": [
      "Number of duplicate rows: 0\n",
      "Total number of rows: 6740457\n"
     ]
    }
   ],
   "source": [
    "# Confirm removal of duplicate rows\n",
    "# Show count of total number of rows\n",
    "\n",
    "# Total number of rows in the DataFrame\n",
    "total_rows = df.count()\n",
    "\n",
    "# Count the number of unique rows\n",
    "unique_rows = df.distinct().count()\n",
    "\n",
    "duplicate_rows = total_rows - unique_rows\n",
    "\n",
    "print(f\"Number of duplicate rows: {duplicate_rows}\")\n",
    "print(f\"Total number of rows: {total_rows}\")"
   ]
  },
  {
   "cell_type": "code",
   "execution_count": 16,
   "id": "635190e1-921f-49d6-ba24-4ab5c98a8d8d",
   "metadata": {},
   "outputs": [],
   "source": [
    "# Rename crime for better viewing during visualiation\n",
    "\n",
    "df = df.withColumn(\"OFNS_DESC\", when(df[\"OFNS_DESC\"] == \"HARRASSMENT 2\", \"HARRASSMENT\").otherwise(df[\"OFNS_DESC\"]))\n",
    "df = df.withColumn(\"OFNS_DESC\", when(df[\"OFNS_DESC\"] == \"ASSAULT 3 & RELATED OFFENSES\", \"ASSAULT\").otherwise(df[\"OFNS_DESC\"]))"
   ]
  },
  {
   "cell_type": "code",
   "execution_count": 17,
   "id": "f8f9f1fc-0ad3-4c4b-961c-9f919ca17f73",
   "metadata": {},
   "outputs": [],
   "source": [
    "# Set 'UNKNOWN' for victim_sex if it's not 'F' or 'M' due to incomplete data.\n",
    "df = df.withColumn('VIC_SEX', when((col('VIC_SEX') != 'M') & (col('VIC_SEX') != 'F'), 'UNKNOWN').otherwise(col('VIC_SEX')))"
   ]
  },
  {
   "cell_type": "markdown",
   "id": "bb5ecc38-54be-4cf9-a2fd-7e8c2545b61f",
   "metadata": {},
   "source": [
    "## Data Analysis & Visualization"
   ]
  },
  {
   "cell_type": "code",
   "execution_count": 18,
   "id": "40342188-1693-437b-aba1-ddb16c23a9da",
   "metadata": {},
   "outputs": [
    {
     "name": "stdout",
     "output_type": "stream",
     "text": [
      "+--------------------+-------+\n",
      "|           OFNS_DESC|  count|\n",
      "+--------------------+-------+\n",
      "|       PETIT LARCENY|1129048|\n",
      "|         HARRASSMENT|1065198|\n",
      "|             ASSAULT| 847359|\n",
      "|       GRAND LARCENY| 661511|\n",
      "|CRIMINAL MISCHIEF...| 654121|\n",
      "|OFF. AGNST PUB OR...| 396573|\n",
      "|      FELONY ASSAULT| 314684|\n",
      "|             ROBBERY| 275542|\n",
      "|            BURGLARY| 227149|\n",
      "|MISCELLANEOUS PEN...| 171694|\n",
      "+--------------------+-------+\n",
      "\n"
     ]
    }
   ],
   "source": [
    "# Show the top 10 types of crime\n",
    "\n",
    "top_10_crime_types = df.groupBy(\"OFNS_DESC\").count().orderBy(col(\"count\").desc()).limit(10)\n",
    "\n",
    "# Show the top 10 crime types\n",
    "top_10_crime_types.show(10)"
   ]
  },
  {
   "cell_type": "code",
   "execution_count": 19,
   "id": "13f1eb6d-af76-4311-a77b-fb1d5ccbc256",
   "metadata": {},
   "outputs": [
    {
     "data": {
